0 0.641156462585034 2.488372093023256 1.2210884353741496 1.1395348837209303
0 1.4285714285714286 1.25 0.27210884353741494 0.2558139534883721
0 1.5731292517006803 1.5319767441860466 0.32312925170068024 0.3313953488372093
0 1.7329931972789114 1.880813953488372 0.2891156462585034 0.3546511627906977
0 2.0306122448979593 2.058139534883721 0.2585034013605442 0.5232558139534884
0 2.4047619047619047 2.313953488372093 0.4557823129251701 0.7325581395348837
0 1.7091836734693877 1.697674418604651 1.8401360544217686 0.20930232558139533
0 1.9727891156462585 1.177325581395349 0.19727891156462585 0.23837209302325582
0 2.2108843537414966 1.302325581395349 0.29931972789115646 0.38372093023255816
0 2.561224489795918 1.4709302325581395 0.24489795918367346 0.27906976744186046
0 1.7363945578231292 1.2063953488372092 0.18027210884353742 0.22674418604651161
0 2.937074829931973 2.1802325581395348 0.14625850340136054 1.6162790697674418
0 0.33503401360544216 1.3546511627906976 0.17346938775510204 0.313953488372093
0 0.08843537414965986 1.572674418604651 0.16326530612244897 0.3895348837209302
