0 0.44333333333333336 2.270833333333333 0.14666666666666667 0.23214285714285712
0 0.61 2.401785714285714 0.15333333333333335 0.27976190476190477
0 0.7150000000000001 2.782738095238095 0.49000000000000005 0.25595238095238093
0 0.8450000000000001 2.232142857142857 0.12333333333333334 0.19047619047619047
0 0.6066666666666667 1.9732142857142856 0.13333333333333333 0.38690476190476186
0 0.5833333333333334 1.5714285714285714 0.12666666666666668 0.20238095238095238
0 0.7983333333333333 1.3988095238095237 0.12333333333333334 0.25
0 0.65 1.288690476190476 0.11333333333333334 0.3273809523809524
0 0.45 1.9553571428571428 0.1 0.33928571428571425
0 1.0716666666666668 1.7440476190476188 0.15000000000000002 0.38095238095238093
0 1.3683333333333334 2.425595238095238 0.6233333333333334 0.8273809523809523
0 1.3150000000000002 1.038690476190476 0.44333333333333336 0.6369047619047619
0 0.9716666666666667 0.613095238095238 0.39 0.75
0 1.6183333333333334 0.33035714285714285 0.3766666666666667 0.3988095238095238
0 1.4100000000000001 2.3720238095238093 0.14 0.19642857142857142
0 1.2016666666666667 2.5029761904761902 0.13 0.29166666666666663
0 1.495 2.642857142857143 0.25 0.17857142857142855
0 1.3250000000000002 2.0922619047619047 0.18333333333333335 0.1488095238095238
0 1.3416666666666668 1.7738095238095237 0.19 0.3214285714285714
0 0.14333333333333334 2.8095238095238093 0.09333333333333334 0.20238095238095238
0 0.19 2.4404761904761902 0.05333333333333334 0.2738095238095238
0 0.1716666666666667 2.1101190476190474 0.09666666666666668 0.125
0 0.18833333333333335 1.9642857142857142 0.13 0.17857142857142855
0 0.12833333333333335 1.6577380952380951 0.11 0.35119047619047616
0 0.29833333333333334 1.1398809523809523 0.09666666666666668 0.125
0 0.36500000000000005 1.2351190476190474 0.17 0.4107142857142857
0 0.4166666666666667 0.8958333333333333 0.15333333333333335 0.22023809523809523
0 0.1366666666666667 1.2023809523809523 0.06666666666666667 0.16666666666666666
0 1.5483333333333333 0.6517857142857143 0.1366666666666667 0.11309523809523808
0 1.3233333333333335 0.35416666666666663 0.14666666666666667 0.22023809523809523
