0 1.9666666666666666 2.4844444444444442 3.8266666666666667 1.3955555555555557
0 0.8711111111111111 2.22 0.29333333333333333 0.3333333333333333
0 1.2955555555555556 2.582222222222222 0.5555555555555556 0.39111111111111113
0 2.1355555555555554 2.9355555555555557 0.76 0.41333333333333333
0 2.2 2.5244444444444443 0.6933333333333334 0.28444444444444444
0 3.428888888888889 2.5866666666666664 0.7955555555555556 0.4444444444444444
0 2.92 2.0555555555555554 0.6311111111111111 0.4577777777777778
0 3.3266666666666667 2.98 0.7244444444444444 0.29777777777777775
0 2.2511111111111113 1.1688888888888889 0.6711111111111111 0.2577777777777778
0 1.9444444444444444 1.5955555555555556 0.52 0.3022222222222222
0 3.0933333333333333 1.2377777777777779 0.5422222222222223 0.49333333333333335
0 3.2155555555555555 1.6244444444444444 0.4577777777777778 0.17333333333333334
0 3.486666666666667 0.44 0.28888888888888886 0.28444444444444444
0 3.7066666666666666 0.94 0.49777777777777776 0.40444444444444444
0 3.8066666666666666 1.4355555555555555 0.3688888888888889 0.5511111111111111
0 1.6244444444444444 0.82 0.6 0.31555555555555553
0 1.2022222222222223 1.3888888888888888 0.5466666666666666 0.52
0 0.6311111111111111 0.7644444444444445 0.5955555555555555 0.7377777777777778
0 1.1844444444444444 0.4911111111111111 0.41333333333333333 0.30666666666666664
0 1.8577777777777778 0.4622222222222222 0.5777777777777777 0.36444444444444446
0 2.6266666666666665 0.4888888888888889 0.7644444444444445 0.37333333333333335
0 3.151111111111111 0.24222222222222223 0.08888888888888889 0.057777777777777775
0 2.36 0.9444444444444444 0.8444444444444444 0.22666666666666666
