0 0.470479704797048 2.663978494623656 0.25461254612546125 0.48924731182795705
0 0.8062730627306273 2.983870967741936 0.4022140221402214 0.3548387096774194
0 1.154981549815498 3.077956989247312 0.36162361623616235 0.23118279569892475
0 0.27121771217712176 3.0860215053763445 0.28413284132841327 0.32258064516129037
0 0.09040590405904059 2.817204301075269 0.07011070110701106 0.3548387096774194
0 0.2693726937269373 2.1075268817204305 0.3468634686346863 0.41935483870967744
0 0.38745387453874536 1.6129032258064517 0.35424354243542433 0.4623655913978495
0 0.2564575645756457 1.0241935483870968 0.15867158671586715 0.8118279569892474
0 0.6771217712177121 1.067204301075269 0.2177121771217712 0.8333333333333334
0 0.9372693726937269 0.9408602150537635 0.2656826568265683 0.7311827956989247
0 1.2693726937269372 0.860215053763441 0.2287822878228782 0.6989247311827957
0 1.3542435424354242 1.9220430107526882 0.7675276752767527 0.9086021505376345
0 2.0202952029520294 2.2903225806451615 0.5645756457564576 1.2258064516129032
0 2.715867158671587 2.5322580645161294 0.7158671586715867 1.0537634408602152
0 3.206642066420664 2.4516129032258065 0.17712177121771217 0.6451612903225807
0 1.2509225092250922 0.33333333333333337 0.4059040590405904 0.3010752688172043
0 0.6881918819188192 0.228494623655914 0.3505535055350553 0.31720430107526887
0 0.3191881918819188 0.3602150537634409 0.2693726937269373 0.3010752688172043
0 1.955719557195572 3.145161290322581 0.7896678966789668 0.3118279569892473
0 1.7675276752767528 1.0913978494623657 0.3468634686346863 0.6236559139784946
0 1.632841328413284 0.26075268817204306 0.28413284132841327 0.42473118279569894
