0 0.2689393939393939 2.636125654450262 0.49242424242424243 0.7277486910994765
0 0.4128787878787879 1.7670157068062828 0.38636363636363635 0.7382198952879582
0 0.3787878787878788 1.0235602094240839 0.42424242424242425 0.35078534031413616
0 0.46401515151515155 0.35340314136125656 0.23863636363636365 0.2774869109947644
0 1.553030303030303 2.0497382198952883 0.46212121212121215 0.6439790575916231
0 1.6477272727272727 2.835078534031414 0.5075757575757576 0.4659685863874346
0 2.928030303030303 2.342931937172775 0.6212121212121212 1.0209424083769634
0 3.316287878787879 3.0 0.1553030303030303 0.29319371727748694
0 2.632575757575758 0.9869109947643979 0.3560606060606061 0.5392670157068064
0 1.3731060606060606 0.8324607329842932 0.4734848484848485 0.4502617801047121
0 1.393939393939394 0.29581151832460734 0.46212121212121215 0.3717277486910995
