0 0.29818181818181816 2.0027322404371586 0.48 2.530054644808743
0 0.9127272727272727 1.9836065573770492 0.5018181818181818 2.273224043715847
0 1.42 1.7131147540983607 0.4036363636363636 2.420765027322404
0 1.8236363636363637 1.5683060109289617 0.29454545454545455 1.9344262295081966
0 1.9763636363636363 1.4863387978142077 0.28 2.1311475409836067
0 2.1418181818181816 1.4098360655737705 0.17454545454545456 1.7049180327868851
0 2.3527272727272726 1.2049180327868851 0.20363636363636364 1.7759562841530054
0 2.6563636363636363 1.0245901639344261 0.06181818181818182 1.2513661202185793
0 2.9054545454545453 0.907103825136612 0.17454545454545456 1.0382513661202186
0 3.229090909090909 1.789617486338798 0.06545454545454546 2.431693989071038
