0 2.0676691729323307 3.057894736842105 0.894736842105263 0.6842105263157895
0 2.840225563909774 2.8473684210526313 0.46240601503759393 0.8421052631578947
0 1.6484962406015036 2.2578947368421054 0.37969924812030076 0.5894736842105263
0 0.68796992481203 2.9157894736842103 1.1203007518796992 0.6947368421052631
0 1.131578947368421 1.4342105263157894 0.2631578947368421 0.2894736842105263
0 1.0338345864661653 2.068421052631579 0.40601503759398494 0.5684210526315789
0 0.7575187969924811 1.4078947368421053 0.19172932330827067 0.5
0 2.167293233082707 1.5289473684210526 0.4699248120300752 0.5421052631578948
0 2.6766917293233083 1.6631578947368422 0.20300751879699247 0.4842105263157895
0 2.5676691729323307 2.2289473684210526 0.6616541353383458 0.2894736842105263
0 1.663533834586466 1.5447368421052632 0.37969924812030076 0.43684210526315786
0 1.830827067669173 1.0421052631578946 0.5639097744360901 0.35789473684210527
0 2.5056390977443606 1.1078947368421053 0.5075187969924811 0.31052631578947365
