0 2.5444444444444443 2.2311111111111113 0.5733333333333334 0.4
0 3.131111111111111 2.2777777777777777 0.44 0.3688888888888889
0 2.7688888888888887 2.7311111111111113 0.4622222222222222 0.48444444444444446
0 3.422222222222222 2.8044444444444445 0.32 0.3022222222222222
0 3.1733333333333333 3.0644444444444443 0.48 0.30666666666666664
0 2.608888888888889 3.048888888888889 0.37333333333333335 0.2311111111111111
0 2.1755555555555555 3.0244444444444443 0.6088888888888889 0.30666666666666664
0 1.3177777777777777 3.006666666666667 0.5022222222222222 0.28888888888888886
0 0.5155555555555555 2.9066666666666667 0.8266666666666667 0.5155555555555555
0 1.36 2.4844444444444442 0.8 0.42666666666666664
0 2.042222222222222 2.3355555555555556 0.37777777777777777 0.52
0 0.82 1.8644444444444443 0.5466666666666666 0.3511111111111111
0 2.7955555555555556 1.7222222222222223 0.6488888888888888 0.4577777777777778
0 3.497777777777778 1.6222222222222222 0.37333333333333335 0.5422222222222223
0 2.077777777777778 1.9733333333333334 0.6088888888888889 0.24
0 1.5155555555555555 2.2644444444444445 0.28444444444444444 0.18222222222222223
0 0.3 2.033333333333333 0.48444444444444446 0.26222222222222225
0 1.468888888888889 1.6711111111111112 0.39555555555555555 0.3022222222222222
0 3.4044444444444446 2.008888888888889 0.1511111111111111 0.18666666666666668
0 3.2133333333333334 1.531111111111111 0.20444444444444446 0.24444444444444444
0 2.4555555555555557 1.4822222222222223 0.6444444444444445 0.24444444444444444
