0 0.8264925373134329 2.0319148936170213 0.5261194029850746 2.7659574468085104
0 0.31902985074626866 2.1143617021276597 0.48134328358208955 2.3031914893617023
0 1.3507462686567164 1.997340425531915 0.31343283582089554 2.5691489361702127
0 2.1809701492537314 2.4627659574468086 0.75 1.4042553191489362
0 2.8582089552238807 2.4388297872340425 0.5970149253731343 1.2287234042553192
0 2.1436567164179103 1.1436170212765957 0.5261194029850746 1.4042553191489362
0 2.8507462686567164 0.8430851063829787 0.5373134328358209 1.2074468085106382
0 1.3917910447761195 0.44680851063829785 0.9328358208955224 0.28723404255319146
0 2.0522388059701493 0.1675531914893617 0.48507462686567165 0.19680851063829788
0 3.2761194029850746 1.680851063829787 0.05223880597014925 2.361702127659574
