0 1.3780918727915195 2.1741573033707864 0.7208480565371025 0.42696629213483145
0 1.9681978798586572 2.5252808988764044 0.24028268551236748 0.3539325842696629
0 1.5971731448763251 2.8202247191011236 0.3321554770318021 0.3707865168539326
0 0.5159010600706714 1.7331460674157302 0.4664310954063604 0.28651685393258425
0 1.1148409893992932 1.0168539325842696 0.4275618374558304 0.4382022471910112
0 0.6007067137809187 1.2134831460674156 0.5441696113074205 0.449438202247191
0 2.8303886925795054 2.356741573033708 0.6431095406360424 0.5
0 2.3568904593639575 2.603932584269663 0.35335689045936397 0.5449438202247191
0 1.7491166077738516 1.5842696629213482 0.18374558303886926 0.24719101123595505
0 1.7968197879858656 1.101123595505618 0.21554770318021202 0.348314606741573
0 1.5 0.8089887640449438 0.18021201413427562 0.3146067415730337
0 2.7508833922261484 1.5421348314606742 0.27208480565371024 0.28651685393258425
0 2.9734982332155475 1.446629213483146 0.18021201413427562 0.3539325842696629
0 2.7314487632508833 1.8904494382022472 0.2756183745583039 0.28651685393258425
0 1.911660777385159 2.0224719101123596 0.19081272084805653 0.42696629213483145
0 0.8038869257950529 1.693820224719101 0.30035335689045933 0.10674157303370786
0 0.4558303886925795 1.6685393258426966 0.22614840989399293 0.3033707865168539
0 0.10070671378091872 1.9719101123595506 0.13780918727915195 0.5056179775280899
