0 0.2491638795986622 2.443452380952381 0.27759197324414714 0.7321428571428571
0 0.6103678929765887 2.369047619047619 0.3110367892976589 0.5595238095238095
0 1.0066889632107023 2.6547619047619047 0.4080267558528428 0.5476190476190476
0 1.3812709030100334 2.642857142857143 0.18729096989966554 0.40476190476190477
0 1.625418060200669 2.7232142857142856 0.22073578595317725 0.27976190476190477
0 1.9331103678929766 2.505952380952381 0.3210702341137124 0.7261904761904762
0 2.4347826086956523 2.3660714285714284 0.5083612040133779 0.6488095238095237
0 2.831103678929766 2.383928571428571 0.25752508361204013 0.744047619047619
0 2.576923076923077 2.883928571428571 0.24414715719063546 0.1369047619047619
0 1.4548494983277591 1.8928571428571428 0.23411371237458192 0.6547619047619048
0 1.0618729096989967 1.6904761904761905 0.3177257525083612 1.0119047619047619
0 1.8595317725752507 1.7708333333333333 0.43478260869565216 0.8869047619047619
0 2.42809364548495 1.6845238095238095 0.46822742474916385 0.7023809523809523
0 1.7692307692307692 0.9672619047619047 0.6086956521739131 0.4821428571428571
0 1.1789297658862876 0.9553571428571428 0.3177257525083612 0.38690476190476186
0 0.7107023411371237 1.3660714285714286 0.411371237458194 0.7797619047619048
0 0.27424749163879597 1.5654761904761905 0.24749163879598662 0.8333333333333333
0 0.9431438127090301 0.7827380952380952 0.1471571906354515 0.27976190476190477
0 1.3561872909698995 0.5148809523809523 0.15719063545150502 0.26785714285714285
0 1.580267558528428 0.5267857142857143 0.1906354515050167 0.30357142857142855
0 1.8411371237458194 0.5833333333333333 0.18394648829431437 0.23809523809523808
0 2.1438127090301005 1.1398809523809523 0.17391304347826086 0.4226190476190476
0 2.4782608695652173 1.6488095238095237 0.17391304347826086 0.25
0 0.23578595317725753 1.3154761904761905 0.3377926421404682 0.5357142857142857
