0 1.4555555555555555 2.451111111111111 0.5288888888888889 0.5466666666666666
0 2.1333333333333333 2.6977777777777776 0.35555555555555557 0.8622222222222222
0 2.688888888888889 2.7111111111111112 0.49777777777777776 0.7822222222222223
0 3.1955555555555555 2.882222222222222 0.2222222222222222 0.5288888888888889
0 3.508888888888889 2.7511111111111113 0.28 0.19555555555555557
0 3.7444444444444445 2.911111111111111 0.2088888888888889 0.17777777777777778
0 3.891111111111111 3.088888888888889 0.17333333333333334 0.18666666666666668
0 3.2933333333333334 2.497777777777778 0.18666666666666668 0.20444444444444446
0 3.6555555555555554 2.42 0.26222222222222225 0.2088888888888889
0 3.851111111111111 2.6911111111111112 0.1288888888888889 0.19111111111111112
0 2.3733333333333335 2.108888888888889 0.27555555555555555 0.22666666666666666
0 2.8088888888888888 1.9177777777777778 0.37333333333333335 0.28888888888888886
0 2.1244444444444444 2.088888888888889 0.35555555555555557 0.43555555555555553
