0 1.195 2.276785714285714 0.43000000000000005 0.8273809523809523
0 1.7966666666666669 2.3988095238095237 0.46 0.9642857142857142
0 2.4533333333333336 2.119047619047619 0.52 0.8095238095238095
0 2.2750000000000004 1.4613095238095237 0.5633333333333334 0.6369047619047619
0 2.7283333333333335 0.7619047619047619 0.24333333333333335 0.75
0 1.6783333333333335 0.9196428571428571 0.4633333333333334 0.6369047619047619
0 1.3133333333333335 1.3392857142857142 0.36000000000000004 0.5238095238095237
0 0.8400000000000001 1.425595238095238 0.23333333333333334 0.4226190476190476
0 0.32666666666666666 2.175595238095238 0.3666666666666667 0.4583333333333333
0 1.9583333333333335 0.5803571428571428 0.16333333333333333 0.4821428571428571
