0 0.700381679389313 0.6354166666666666 1.1793893129770991 0.40625
0 1.5973282442748091 1.0859375 0.3015267175572519 0.30729166666666663
0 1.99618320610687 1.1302083333333333 0.3282442748091603 0.3020833333333333
0 2.1851145038167936 1.7291666666666665 0.3702290076335878 0.3333333333333333
0 2.7557251908396947 2.333333333333333 0.2595419847328244 0.32291666666666663
0 2.568702290076336 2.546875 0.2748091603053435 0.3125
0 1.549618320610687 2.3385416666666665 0.282442748091603 0.3020833333333333
0 1.9122137404580153 2.265625 0.3129770992366412 0.32291666666666663
0 1.950381679389313 2.796875 0.33587786259541985 0.2708333333333333
0 1.0744274809160306 2.9609375 0.42366412213740456 0.24479166666666666
0 0.6774809160305343 2.6979166666666665 0.3778625954198473 0.20833333333333331
0 0.15839694656488548 2.9322916666666665 0.31679389312977096 0.26041666666666663
0 3.217557251908397 1.5260416666666665 0.3282442748091603 0.3125
