0 1.225 1.2916666666666665 0.6366666666666667 0.5119047619047619
0 2.16 1.1994047619047619 0.35333333333333333 0.6369047619047619
0 2.4083333333333337 0.2738095238095238 0.39666666666666667 0.38095238095238093
0 1.7816666666666667 0.8125 0.35000000000000003 0.25595238095238093
0 1.4166666666666667 1.913690476190476 0.37333333333333335 0.375
0 1.6416666666666668 2.458333333333333 0.33666666666666667 0.30952380952380953
0 0.7016666666666667 2.1220238095238093 0.7366666666666667 1.0654761904761905
0 1.2783333333333333 2.8988095238095237 0.5233333333333333 0.09523809523809523
0 1.9733333333333334 1.9523809523809523 0.2733333333333334 0.2976190476190476
0 1.4666666666666668 0.7708333333333333 0.5066666666666667 0.26785714285714285
