166 525 197 587
169 484 202 530
196 454 239 495
241 420 302 465
160 346 224 427
107 351 154 432
17 390 102 482
235 303 305 384
250 236 294 309
367 250 418 356
451 295 553 358
377 329 487 430
306 387 368 470
282 294 375 363
292 222 354 278
296 198 350 252
105 321 191 365
109 303 142 341
176 299 214 364
54 271 135 348
48 323 84 430
85 390 161 434
467 552 493 587
439 505 484 544
433 475 483 517
456 421 566 480
561 398 626 474
552 338 652 419
665 312 705 390
677 232 699 267
630 217 673 268
567 239 619 294
585 272 614 343
596 284 662 315
596 253 633 287
498 326 528 365
613 527 674 567
690 539 711 562
569 496 598 512
550 549 617 580
473 492 562 548
589 568 621 593
701 196 726 225
