263 387 367 462
448 356 547 418
637 312 776 447
622 242 730 303
590 182 645 258
472 231 578 288
359 223 415 287
215 254 282 306
152 298 203 381
54 375 129 460
7 193 53 242
1 124 40 179
34 87 68 117
117 92 181 124
253 76 320 106
321 138 370 201
407 159 458 205
429 118 478 161
501 125 553 175
595 113 638 161
678 129 743 182
721 160 780 209
804 268 855 333
838 346 896 420
646 70 704 128
597 66 618 117
631 55 660 92
511 48 539 124
466 58 490 118
438 104 476 154
389 38 424 108
453 43 479 71
545 14 572 43
600 47 607 103
810 61 843 103
784 36 798 86
307 23 347 75
277 2 316 35
358 9 381 37
